Test Data:
[0.17753, 0.1961, 0.18143, 0.18607, 0.19643, 0.20183000000000006, 0.20723, 0.23077000000000014, 0.25431000000000026, 0.27785, 0.27034, 0.28937, 0.28801, 0.28502, 0.29311, 0.30071, 0.2861, 0.2907, 0.29377, 0.31842, 0.31961, 0.33363, 0.32571, 0.32783, 0.31334, 0.32125, 0.30774, 0.31514, 0.32562, 0.31725, 0.31995, 0.32394, 0.31353, 0.30945, 0.31452, 0.30179, 0.29393, 0.28985, 0.27786, 0.27782, 0.27846, 0.27735, 0.2684, 0.25324, 0.24921, 0.23486, 0.2363, 0.223, 0.20956, 0.19047, 0.188, 0.18337, 0.15599, 0.13668, 0.13972, 0.08151, 0.07629499999999978, 0.07108, 0.10058, 0.07108, 0.05408], 3, 1
[0.17494, 0.18475, 0.1703, 0.17936, 0.19027, 0.19488499999999997, 0.1995, 0.22473333333333345, 0.249966666666666, 0.2752, 0.2732, 0.28885, 0.28357, 0.28165, 0.28779, 0.29141, 0.28085, 0.28495, 0.28764, 0.30849, 0.30977, 0.32178, 0.32168, 0.32122, 0.30549, 0.31418, 0.29916, 0.31264, 0.32033, 0.31282, 0.31737, 0.31935, 0.31037, 0.30289, 0.30577, 0.29887, 0.28924, 0.28665, 0.27368, 0.27364, 0.27574, 0.27449, 0.26895, 0.24775, 0.25169, 0.23537, 0.23682, 0.22153, 0.2112, 0.19137, 0.19021, 0.18234, 0.15549, 0.13581, 0.13513, 0.08155, 0.07641999999999993, 0.07129, 0.09834, 0.07295, 0.05635], 4, 1
[0.17581, 0.17849, 0.16567, 0.17094, 0.18431, 0.18823999999999996, 0.19217, 0.21799333333333326, 0.24381666666666657, 0.26964, 0.28094, 0.28904, 0.27417, 0.27299, 0.27639, 0.27228, 0.27446, 0.27574, 0.27319, 0.28439, 0.28094, 0.2895, 0.29513, 0.29471, 0.28586, 0.29383, 0.28349, 0.30056, 0.30801, 0.30179, 0.3079, 0.31366, 0.30105, 0.29188, 0.29197, 0.30421, 0.29205, 0.2723, 0.28049, 0.27152, 0.27328, 0.27792, 0.26425, 0.26403, 0.25165, 0.2379, 0.23132, 0.23527, 0.22271, 0.20389, 0.20228, 0.19205, 0.16906, 0.13939, 0.13078, 0.08248, 0.07341500000000023, 0.06435, 0.09067, 0.06794, 0.05137], 6, 1
[0.17458, 0.16691, 0.16664, 0.17623, 0.17468, 0.18107, 0.2031299999999998, 0.22519, 0.24724999999999975, 0.26931, 0.27472, 0.27272, 0.27075, 0.27502, 0.27142, 0.26997, 0.27709, 0.27897, 0.29942, 0.29275, 0.3228, 0.30461, 0.31523, 0.3102, 0.31165, 0.30814, 0.31084, 0.30899, 0.2979, 0.30848, 0.30327, 0.29444, 0.29497, 0.27942, 0.2866, 0.28239, 0.27775, 0.2644, 0.26912, 0.26447, 0.267, 0.26665, 0.27149, 0.26315, 0.24321, 0.24121, 0.23727, 0.22819, 0.21818, 0.21125, 0.20682, 0.18002, 0.16581, 0.16067, 0.1102, 0.10651, 0.10144, 0.09513, 0.09551, 0.0828], 8, 2
[0.15402, 0.14576, 0.14773, 0.15647, 0.16022, 0.1647266666666667, 0.16923333333333335, 0.17374, 0.20766499999999954, 0.24159, 0.25109, 0.26709, 0.26578, 0.27222, 0.27122, 0.26732, 0.2825, 0.27951, 0.27357, 0.27398, 0.28416, 0.29148, 0.31015, 0.29184, 0.3012, 0.30824, 0.31611, 0.30606, 0.29784, 0.31198, 0.29451, 0.29312, 0.29159, 0.28559, 0.2946, 0.28555, 0.28845, 0.28981, 0.27241, 0.26237, 0.26592, 0.26805, 0.27353, 0.2639, 0.2705, 0.2546, 0.23683, 0.23505, 0.22564, 0.21348, 0.19757, 0.18806, 0.19438, 0.1762, 0.16748, 0.15312, 0.1224, 0.10519, 0.10225, 0.08597, 0.08706, 0.06292], 1, 3
[0.14079, 0.13623, 0.14933, 0.14843, 0.15182, 0.15711000000000008, 0.1624, 0.16769, 0.1985500000000009, 0.22941, 0.24417, 0.25806, 0.25624, 0.26692, 0.267, 0.26222, 0.27565, 0.27505, 0.2705, 0.27373, 0.28581, 0.29521, 0.31514, 0.29259, 0.30293, 0.30928, 0.31738, 0.30996, 0.2933, 0.30673, 0.29077, 0.28694, 0.28559, 0.27686, 0.28465, 0.27478, 0.27864, 0.28225, 0.2627, 0.25119, 0.25362, 0.25665, 0.26241, 0.25294, 0.25469, 0.24339, 0.22654, 0.22233, 0.21225, 0.19673, 0.18121, 0.17035, 0.17783, 0.16005, 0.15237, 0.13825, 0.11003, 0.099, 0.0931, 0.07715, 0.07831, 0.0557], 5, 3
[0.17212, 0.18114, 0.18915, 0.17888, 0.19226, 0.19806, 0.20658, 0.20921, 0.2166507692307691, 0.2240915384615383, 0.23153230769230748, 0.23897307692307668, 0.2464138461538461, 0.2538546153846153, 0.2612953846153845, 0.2687361538461537, 0.2761769230769229, 0.28361769230769207, 0.2910584615384615, 0.2984992307692307, 0.30594, 0.32521, 0.30775, 0.32525, 0.3035, 0.28658, 0.30009, 0.30119, 0.30892, 0.31056, 0.34299, 0.33479, 0.34848, 0.29392, 0.31041, 0.31269, 0.3299, 0.30809, 0.29874, 0.29615, 0.27647, 0.28226, 0.28867, 0.27132, 0.28727, 0.277085, 0.2669, 0.26073, 0.26237, 0.2254, 0.1983, 0.1986, 0.18533, 0.14544, 0.15175, 0.13182, 0.0789, 0.06973, 0.10486, 0.10151, 0.08291, 0.09895], 9, 1
[0.16148, 0.16631, 0.17661, 0.17034, 0.18936, 0.19223, 0.19386, 0.20117, 0.20850923076923056, 0.21584846153846138, 0.2231876923076922, 0.23052692307692302, 0.23786615384615384, 0.24520538461538444, 0.25254461538461526, 0.2598838461538461, 0.2672230769230769, 0.2745623076923075, 0.2819015384615383, 0.28924076923076913, 0.29658, 0.31545, 0.29604, 0.32623, 0.30691, 0.2861, 0.30446, 0.30679, 0.31147, 0.31872, 0.34908, 0.34086, 0.35532, 0.30095, 0.31253, 0.31533, 0.33465, 0.3101, 0.30427, 0.29817, 0.28274, 0.28506, 0.29197, 0.27545, 0.29176, 0.28145500000000023, 0.27115, 0.27285, 0.26911, 0.23714, 0.21075, 0.20844, 0.19311, 0.15637, 0.16096, 0.13556, 0.0847, 0.08058, 0.1048, 0.10291, 0.08641, 0.0985], 7, 1
[0.15275, 0.15698, 0.16795, 0.16284, 0.19179, 0.18712, 0.1909, 0.19966, 0.20761846153846153, 0.2155769230769231, 0.2235353846153847, 0.23149384615384605, 0.23945230769230763, 0.2474107692307692, 0.2553692307692308, 0.2633276923076924, 0.27128615384615373, 0.2792446153846153, 0.2872030769230769, 0.2951615384615385, 0.30312, 0.32267, 0.30308, 0.32568, 0.31214, 0.29199, 0.30636, 0.30737, 0.30635, 0.3149, 0.35093, 0.33921, 0.35128, 0.29482, 0.30468, 0.31049, 0.32622, 0.29884, 0.29637, 0.287, 0.2722, 0.27195, 0.27835, 0.2668, 0.27928, 0.2684300000000004, 0.25758, 0.25771, 0.25022, 0.21909, 0.19378, 0.18841, 0.17163, 0.13464, 0.13816, 0.11382, 0.06917, 0.06492, 0.08404, 0.08327, 0.07074, 0.07982], 11, 1
[0.17553, 0.18037, 0.17419, 0.1804, 0.18874, 0.19066, 0.1982250000000001, 0.20579, 0.2244625, 0.24313499999999966, 0.26180749999999975, 0.28048, 0.29238, 0.28551, 0.29446, 0.28712, 0.30153, 0.28209, 0.29549, 0.30348, 0.31292, 0.29866, 0.30807, 0.32725, 0.32506, 0.32349, 0.31977, 0.3135, 0.32064, 0.32342, 0.31579, 0.32143, 0.33769, 0.31902, 0.32207, 0.3181, 0.31973, 0.30616, 0.29952, 0.29749, 0.29734, 0.29635, 0.28773, 0.27377, 0.26304, 0.26232, 0.25224, 0.24216000000000015, 0.23208, 0.22234], 8, 1
[0.17028, 0.17129, 0.17128, 0.17696, 0.18848, 0.1843, 0.19436999999999993, 0.20444, 0.2254900000000002, 0.24653999999999998, 0.2675900000000002, 0.28864, 0.30353, 0.29479, 0.3042, 0.29477, 0.31123, 0.29054, 0.30674, 0.3134, 0.32267, 0.30913, 0.31063, 0.31407, 0.31955, 0.32559, 0.31958, 0.31882, 0.32065, 0.32458, 0.32098, 0.32285, 0.33591, 0.31747, 0.32138, 0.31566, 0.31881, 0.30589, 0.29123, 0.30117, 0.29378, 0.29595, 0.28967, 0.27081, 0.27096, 0.25489, 0.24674666666666667, 0.2386033333333335, 0.23046, 0.22061], 12, 1
[0.17001, 0.16859, 0.17596, 0.17709, 0.18774, 0.18073, 0.19339499999999976, 0.20606, 0.22734250000000022, 0.2486250000000001, 0.26990749999999997, 0.29119, 0.30878, 0.29703, 0.30781, 0.29821, 0.3166, 0.29319, 0.31239, 0.31603, 0.32368, 0.31385, 0.31192, 0.31417, 0.31991, 0.32561, 0.31793, 0.32031, 0.31741, 0.32436, 0.31933, 0.32072, 0.33298, 0.31277, 0.31783, 0.31095, 0.31214, 0.30141, 0.28866, 0.29926, 0.28992, 0.29325, 0.28782, 0.26506, 0.26834, 0.24906, 0.2403700000000002, 0.2316800000000001, 0.22299, 0.21502], 2, 1
[0.17331, 0.17189, 0.17255, 0.17732, 0.17684, 0.1909, 0.19786, 0.19928, 0.22221500000000027, 0.24515, 0.2543774999999999, 0.2636050000000001, 0.27283250000000003, 0.28206, 0.2895, 0.28549, 0.29056, 0.29035, 0.2903, 0.30975, 0.30897, 0.30819, 0.32642, 0.32947, 0.329, 0.32399, 0.3314, 0.31249, 0.31325, 0.31532, 0.30914, 0.30568, 0.30701, 0.3003849999999999, 0.29376, 0.29223, 0.29498, 0.29204, 0.27466, 0.27982, 0.27397, 0.26753, 0.28043, 0.26259, 0.24999, 0.24113, 0.24477, 0.23875, 0.21663, 0.21252, 0.18994, 0.19766, 0.17727, 0.16999, 0.13269, 0.13481, 0.10260499999999961, 0.0704, 0.07008, 0.06762, 0.05705, 0.07861], 10, 1
[0.17467, 0.17295, 0.16983, 0.17749, 0.18147, 0.19636, 0.20388, 0.20648, 0.22782499999999972, 0.24917, 0.2577149999999999, 0.26625999999999994, 0.27480499999999997, 0.28335, 0.2936, 0.28918, 0.2903, 0.28554, 0.28584, 0.29867, 0.298305, 0.29794, 0.31068, 0.32124, 0.31188, 0.31166, 0.31574, 0.30465, 0.31643, 0.31857, 0.30127, 0.30547, 0.30685, 0.299315, 0.29178, 0.29355, 0.29573, 0.29279, 0.28664, 0.28169, 0.27477, 0.2684, 0.28088, 0.25487, 0.24582, 0.2475, 0.24191, 0.23326, 0.22178, 0.21807, 0.19311, 0.19927, 0.17731, 0.17162, 0.13124, 0.13829, 0.10592999999999986, 0.07357, 0.06537, 0.0623, 0.05262, 0.07445], 1, 1
[0.15177, 0.1572, 0.15786, 0.16142, 0.16971, 0.1806, 0.19218, 0.19684, 0.2088133333333333, 0.2207866666666667, 0.23276000000000008, 0.24473333333333325, 0.25670666666666664, 0.26868, 0.27474, 0.28137, 0.2822, 0.27795, 0.28297, 0.28773, 0.30435, 0.30024, 0.3241, 0.31892, 0.32553, 0.31265, 0.32135, 0.30537, 0.30926, 0.31057, 0.30624, 0.31143, 0.3049, 0.2953, 0.29737, 0.28205, 0.29296, 0.28248, 0.27086, 0.26711, 0.26382, 0.26209, 0.26334, 0.24992, 0.2586, 0.26236, 0.23747, 0.24046, 0.2332, 0.21979, 0.20438, 0.20118, 0.20826, 0.1701, 0.1553, 0.13723, 0.08878, 0.08371, 0.07472499999999993, 0.06574, 0.05288, 0.05383], 11, 2
[0.14964, 0.1513, 0.15801, 0.15964, 0.17192, 0.17784, 0.19171, 0.19449, 0.2065666666666668, 0.2186433333333333, 0.23072000000000004, 0.24279666666666677, 0.2548733333333335, 0.26695, 0.27608, 0.28334, 0.28136, 0.28061, 0.28029, 0.27834, 0.29736, 0.29376, 0.32097, 0.30837, 0.31413, 0.30631, 0.31642, 0.30196, 0.31362, 0.31537, 0.30496, 0.30975, 0.30464, 0.29985, 0.30053, 0.28009, 0.2974, 0.28857, 0.27472, 0.27339, 0.26963, 0.27102, 0.27249, 0.26176, 0.27395, 0.27341, 0.25088, 0.24656, 0.24931, 0.23564, 0.2194, 0.20991, 0.21628, 0.17966, 0.16986, 0.15199, 0.10736, 0.10782, 0.10265499999999994, 0.09749, 0.09367, 0.08994], 7, 2
[0.15544, 0.15718, 0.16974, 0.16711, 0.17893, 0.1808, 0.20405, 0.20045, 0.21293333333333297, 0.22541666666666638, 0.23789999999999978, 0.2503833333333332, 0.2628666666666666, 0.27535, 0.28055, 0.29357, 0.29677, 0.29454, 0.29071, 0.28908, 0.30928, 0.30451, 0.33086, 0.31877, 0.3167, 0.31066, 0.31848, 0.30454, 0.31805, 0.31976, 0.30214, 0.30643, 0.30227, 0.29812, 0.30004, 0.27794, 0.29245, 0.28471, 0.27914, 0.2692, 0.26766, 0.2692, 0.2698, 0.25841, 0.26473, 0.26775, 0.24362, 0.23606, 0.23733, 0.22616, 0.20968, 0.19745, 0.20375, 0.16612, 0.16153, 0.14488, 0.10247, 0.10695, 0.1017800000000002, 0.09661, 0.09688, 0.08925], 4, 2
[0.1696, 0.16162, 0.16374, 0.17495, 0.17902, 0.18476, 0.20346249999999966, 0.2221649999999995, 0.2408674999999998, 0.25957, 0.26809, 0.26805, 0.26414, 0.27632, 0.27306, 0.27429, 0.28098, 0.27784, 0.28934, 0.28421, 0.31161, 0.29475, 0.30165, 0.30365, 0.30196, 0.30366, 0.30372, 0.30356, 0.30092, 0.30767, 0.30327, 0.29584, 0.3013, 0.28709, 0.29195, 0.28267, 0.27005, 0.26336, 0.27048, 0.26514, 0.2655, 0.26272, 0.26586, 0.26024, 0.23751, 0.2289, 0.22439, 0.21645, 0.20837, 0.19767, 0.19664, 0.16818, 0.16159, 0.15522, 0.10115, 0.10349, 0.08675, 0.08065, 0.08309, 0.07081], 9, 2
[0.15028, 0.14243, 0.15309, 0.15389, 0.17613, 0.17891666666666667, 0.18170333333333333, 0.18449, 0.21544500000000077, 0.2464, 0.25193, 0.2616, 0.27036, 0.27153, 0.26862, 0.2701, 0.28421, 0.28387, 0.27916, 0.27346, 0.29556, 0.29846, 0.32448, 0.30986, 0.31702, 0.31293, 0.3096699999999999, 0.30640999999999996, 0.30315, 0.30751, 0.29867, 0.29617, 0.29934, 0.28709, 0.29829, 0.28412, 0.29014, 0.28281, 0.27638, 0.27106, 0.26776, 0.2698, 0.26967, 0.25107, 0.26109, 0.26928, 0.24529, 0.23737, 0.22109, 0.22149, 0.19967, 0.19762, 0.20073, 0.17152, 0.16588, 0.15669, 0.13304, 0.11349, 0.1251, 0.09886, 0.09802, 0.08197], 10, 2
[0.15169, 0.15333, 0.15869, 0.16093, 0.17623, 0.17927666666666664, 0.18232333333333334, 0.18537, 0.21537000000000006, 0.24537, 0.25359, 0.26125, 0.27096, 0.26956, 0.26728, 0.26743, 0.28035, 0.27581, 0.27163, 0.26793, 0.28564, 0.29034, 0.31445, 0.29925, 0.30339, 0.30026, 0.30083333333333334, 0.3014066666666667, 0.30198, 0.30665, 0.2915, 0.29205, 0.29575, 0.28551, 0.29477, 0.28166, 0.29113, 0.28317, 0.2779, 0.26955, 0.27019, 0.26969, 0.2694, 0.25107, 0.26371, 0.26824, 0.24564, 0.23559, 0.2303, 0.22603, 0.20294, 0.19963, 0.20503, 0.17676, 0.16534, 0.15032, 0.12802, 0.11251, 0.11333, 0.08701, 0.08796, 0.07367], 1, 2
[0.15227, 0.15801, 0.16574, 0.16432, 0.17155, 0.17648333333333333, 0.18141666666666656, 0.18635, 0.2117300000000002, 0.23711, 0.24691, 0.25543, 0.2677, 0.26353, 0.25819, 0.25905, 0.27157, 0.26859, 0.26779, 0.26375, 0.27414, 0.28253, 0.3087, 0.29948, 0.30861, 0.30848, 0.30564, 0.30279999999999996, 0.29996, 0.30322, 0.29273, 0.28956, 0.28928, 0.27941, 0.28226, 0.27377, 0.28265, 0.27519, 0.27046, 0.25712, 0.26427, 0.26049, 0.26054, 0.24983, 0.256, 0.26143, 0.24485, 0.2333, 0.23793, 0.22736, 0.20317, 0.19947, 0.20936, 0.18135, 0.16113, 0.13986, 0.11724, 0.102, 0.09349, 0.07223, 0.07416, 0.06249], 2, 2
[0.15698, 0.15875, 0.15929, 0.16428, 0.16573, 0.1693033333333333, 0.17287666666666662, 0.17645, 0.20494500000000038, 0.23344, 0.24503, 0.25364, 0.26539, 0.25965, 0.25729, 0.26049, 0.2697, 0.25904, 0.26915, 0.2619, 0.27126, 0.28613, 0.309, 0.31216, 0.3072, 0.31497, 0.31563, 0.30353, 0.29312, 0.30922, 0.29282, 0.29723, 0.29747, 0.28729, 0.28732, 0.28078, 0.29351, 0.28229, 0.2729, 0.28003, 0.26756, 0.2635, 0.2712, 0.25711, 0.26346, 0.25703, 0.24959, 0.23366, 0.23975, 0.23611, 0.20351, 0.20591, 0.22025, 0.18665, 0.17405, 0.15458, 0.12433, 0.11505, 0.09516, 0.07153, 0.08239, 0.09501], 2, 3
[0.14779, 0.14893, 0.15064, 0.15869, 0.1652, 0.16987666666666668, 0.17455333333333334, 0.17923, 0.2100699999999991, 0.24091, 0.24162, 0.25597, 0.26686, 0.26937, 0.2643, 0.26659, 0.27535, 0.27309, 0.27762, 0.27608, 0.28664, 0.29832, 0.32008, 0.31431, 0.31626, 0.31827, 0.32271, 0.31301, 0.30065, 0.30974, 0.29883, 0.30095, 0.29921, 0.28805, 0.28828, 0.28166, 0.29217, 0.28103, 0.27065, 0.27616, 0.26721, 0.26302, 0.26763, 0.25432, 0.2581, 0.25429, 0.24226, 0.23136, 0.2265, 0.22688, 0.1948, 0.19401, 0.20634, 0.17146, 0.16218, 0.14762, 0.1173, 0.11259, 0.09164, 0.06565, 0.07225, 0.08324], 11, 3


Training Data:
[0.15168, 0.15004, 0.16451, 0.16649, 0.16564, 0.17624, 0.18379, 0.1878, 0.20985500000000057, 0.23191, 0.24229500000000015, 0.25268, 0.2630650000000001, 0.27345, 0.28256, 0.27601, 0.28432, 0.28359, 0.285, 0.30782, 0.307305, 0.30679, 0.3256, 0.3226, 0.32532, 0.3213, 0.32914, 0.30743, 0.31144, 0.3127, 0.30669, 0.30073, 0.30509, 0.2960949999999998, 0.2871, 0.28604, 0.28386, 0.2827, 0.26613, 0.26992, 0.2653, 0.25863, 0.27306, 0.25798, 0.24609, 0.23601, 0.23922, 0.22967, 0.20601, 0.2027, 0.18062, 0.18711, 0.16515, 0.15705, 0.12161, 0.12176, 0.09309000000000012, 0.06442, 0.0622, 0.06015, 0.05231, 0.06938], 5, 1
[0.16737, 0.15998, 0.16409, 0.17653, 0.17884, 0.18409, 0.20503250000000017, 0.22597500000000004, 0.2469174999999999, 0.26786, 0.27306, 0.27052, 0.26745, 0.27664, 0.27208, 0.27538, 0.28204, 0.28018, 0.29187, 0.28498, 0.3132, 0.29567, 0.30323, 0.30603, 0.3054, 0.30552, 0.30599, 0.30584, 0.3012, 0.30893, 0.30389, 0.29718, 0.30041, 0.28616, 0.29295, 0.28492, 0.27351, 0.2669, 0.27202, 0.26674, 0.26777, 0.26518, 0.26993, 0.26074, 0.24218, 0.23692, 0.23179, 0.22495, 0.21476, 0.20511, 0.20354, 0.17596, 0.16599, 0.15811, 0.10572, 0.10869, 0.09119, 0.08553, 0.0875, 0.07478], 6, 2
[0.15077, 0.15327, 0.15871, 0.16385, 0.17286, 0.1772733333333334, 0.18168666666666666, 0.1861, 0.2139899999999999, 0.24188, 0.24395, 0.25744, 0.26746, 0.2781, 0.26893, 0.27358, 0.28466, 0.28232, 0.28417, 0.2861, 0.29267, 0.3017, 0.32409, 0.31354, 0.31595, 0.31571, 0.32004, 0.31185, 0.30301, 0.31143, 0.29632, 0.29953, 0.2977, 0.28557, 0.28976, 0.28232, 0.29138, 0.28109, 0.27237, 0.2759, 0.26888, 0.2652, 0.26936, 0.25717, 0.26002, 0.26044, 0.24472, 0.23592, 0.22795, 0.22844, 0.19694, 0.19605, 0.20817, 0.17274, 0.16333, 0.15212, 0.12336, 0.11724, 0.09481, 0.06471, 0.07093, 0.08256], 3, 3
[0.14563, 0.13568, 0.13675, 0.14898, 0.15121, 0.15481666666666666, 0.1584233333333333, 0.16203, 0.19617499999999932, 0.23032, 0.22469, 0.24778, 0.25418, 0.25343, 0.25311, 0.25121, 0.25608, 0.26316, 0.26104, 0.25304, 0.25765, 0.26524, 0.28748, 0.28457, 0.30334, 0.31025, 0.3143, 0.30145, 0.29292, 0.30808, 0.29423, 0.29561, 0.29057, 0.28483, 0.29349, 0.28499, 0.28127, 0.28097, 0.27115, 0.25688, 0.2629, 0.26208, 0.26623, 0.26539, 0.26793, 0.25294, 0.23649, 0.23742, 0.22288, 0.2135, 0.19647, 0.19142, 0.19733, 0.18101, 0.17137, 0.1549, 0.12726, 0.1083, 0.10562, 0.08991, 0.09322, 0.06969], 7, 3
[0.16333, 0.17007, 0.17072, 0.17012, 0.18286, 0.1932977777777778, 0.20373555555555556, 0.21417333333333333, 0.2246111111111111, 0.23504888888888886, 0.24548666666666663, 0.2559244444444446, 0.2663622222222224, 0.2768, 0.27694, 0.28438, 0.286175, 0.28797, 0.27649, 0.27862, 0.28446, 0.29891, 0.3101, 0.29562, 0.31087, 0.31207, 0.31515, 0.30729, 0.29401, 0.30792, 0.29256, 0.28921, 0.28986, 0.27812, 0.28893, 0.28147, 0.27299, 0.28399, 0.27008, 0.25422, 0.25997, 0.25924, 0.25972, 0.26993, 0.26259, 0.26342, 0.25135, 0.23315, 0.21577, 0.20517, 0.18005, 0.17632], 10, 3
[0.17027, 0.17459, 0.17181, 0.17308, 0.18352, 0.1936399999999998, 0.20375999999999994, 0.21387999999999985, 0.22399999999999975, 0.23411999999999988, 0.2442399999999998, 0.2543599999999999, 0.2644799999999998, 0.2746, 0.27574, 0.28068, 0.281185, 0.28169, 0.27027, 0.27269, 0.27634, 0.2868, 0.29727, 0.28624, 0.29968, 0.30027, 0.30525, 0.29701, 0.29527, 0.30876, 0.29012, 0.29148, 0.29194, 0.28481, 0.29127, 0.28626, 0.28131, 0.29016, 0.27941, 0.26508, 0.26993, 0.26923, 0.27058, 0.27274, 0.27285, 0.26584, 0.25864, 0.23835, 0.22729, 0.21257, 0.19033, 0.1848], 8, 3
[0.17646, 0.17949, 0.17933, 0.17818, 0.18858, 0.19760333333333335, 0.20662666666666674, 0.21565000000000012, 0.2246733333333335, 0.23369666666666666, 0.24272000000000005, 0.25174333333333343, 0.2607666666666668, 0.26979, 0.27304, 0.27309, 0.27586499999999997, 0.27864, 0.26919, 0.26996, 0.26312, 0.26382, 0.2738, 0.27449, 0.28995, 0.29181, 0.29681, 0.28996, 0.2892, 0.30219, 0.28572, 0.29032, 0.28786, 0.28491, 0.28878, 0.28602, 0.2826, 0.28956, 0.28537, 0.2682, 0.27256, 0.27265, 0.27383, 0.27903, 0.27639, 0.26395, 0.26214, 0.23865, 0.23336, 0.21946, 0.19783, 0.1918], 6, 3

