Test Data:
[0.30242, 0.30403, 0.31614, 0.32908, 0.32196, 0.34585, 0.36204, 0.36308, 0.34557, 0.36636, 0.35447, 0.35622, 0.34235, 0.350495, 0.35864, 0.36459, 0.360745, 0.3569, 0.353055, 0.34921, 0.3453649999999999, 0.34152, 0.35954, 0.36158, 0.3441, 0.36444, 0.34224, 0.3373, 0.35988, 0.35811, 0.358805, 0.3595, 0.3661650000000001, 0.37283, 0.35987, 0.36013, 0.36871, 0.37072, 0.37302, 0.37361, 0.35682, 0.34627, 0.34391, 0.32358, 0.32087, 0.33266, 0.32873, 0.33671, 0.33474, 0.30967, 0.31182, 0.31225, 0.34977, 0.32605, 0.31226, 0.32423, 0.33253, 0.31171, 0.29641, 0.28624, 0.27803, 0.24307, 0.28073, 0.23912, 0.21802, 0.20891, 0.22063, 0.22621, 0.2036, 0.18645, 0.18294, 0.17366, 0.14581, 0.14525, 0.13959, 0.14032, 0.13851, 0.13737, 0.11933, 0.10223, 0.10725], 7, 2
[0.30964, 0.32852, 0.31356, 0.33241, 0.33926, 0.35106, 0.36355, 0.36155, 0.3673, 0.37181, 0.37192, 0.379, 0.37057, 0.36819, 0.37202, 0.36453, 0.36864, 0.37303000000000003, 0.37742, 0.385, 0.37422, 0.37315, 0.37374, 0.37434, 0.37695, 0.37387, 0.37608, 0.36121, 0.37189, 0.36659, 0.36756, 0.36853, 0.37203, 0.37238, 0.35423, 0.37542, 0.37491, 0.37503, 0.37759, 0.36924, 0.37126, 0.36881, 0.35191, 0.34211, 0.33703, 0.3353, 0.33897, 0.33283, 0.34181, 0.33043, 0.32969, 0.31962, 0.34656, 0.32684, 0.31961, 0.32007, 0.33015, 0.31523, 0.30461, 0.29643, 0.28673, 0.25375, 0.27983, 0.27196, 0.23429, 0.22829, 0.24177, 0.24326, 0.23044, 0.23023, 0.21192, 0.21026, 0.18889, 0.18507, 0.19213, 0.18177250000000011, 0.1714150000000001, 0.16105750000000008, 0.1507, 0.12988, 0.12706], 3, 2
[0.32355, 0.32898, 0.3231, 0.32879, 0.3374, 0.36686, 0.35734, 0.36544, 0.36656, 0.37091, 0.36972, 0.37157, 0.3787, 0.37473500000000004, 0.37077, 0.36577, 0.37247, 0.37899499999999997, 0.38552, 0.38892, 0.38859, 0.3872, 0.38753, 0.3871718181818182, 0.38681363636363636, 0.38645545454545455, 0.38609727272727273, 0.38573909090909086, 0.38538090909090905, 0.38502272727272724, 0.3846645454545454, 0.3843063636363636, 0.3839481818181818, 0.38359, 0.38481, 0.38934, 0.37723, 0.37944, 0.38051, 0.3688, 0.37635, 0.37918, 0.36676, 0.35068, 0.35217, 0.35547, 0.3507, 0.35302, 0.34995, 0.34209, 0.3368, 0.33505, 0.35177, 0.33735, 0.32968, 0.33926, 0.34037, 0.32705, 0.32596, 0.31287, 0.30821, 0.27455, 0.28556, 0.27576, 0.25866, 0.24749, 0.25371, 0.2533, 0.23016, 0.22788, 0.20928, 0.2082, 0.18734, 0.17664, 0.18529, 0.16894, 0.16435, 0.1631, 0.14437, 0.11534], 3, 3
[0.30743, 0.3105, 0.3128, 0.31802, 0.32227, 0.34697, 0.34932, 0.35431, 0.35897, 0.36312, 0.36234, 0.36207, 0.36277, 0.36187, 0.36097, 0.36229, 0.36398, 0.37041500000000005, 0.37685, 0.36751, 0.37671, 0.37163, 0.38273, 0.3824127272727273, 0.38209545454545457, 0.38177818181818185, 0.38146090909090913, 0.38114363636363635, 0.3808263636363637, 0.3805090909090909, 0.3801918181818182, 0.37987454545454546, 0.37955727272727274, 0.37924, 0.36809, 0.38005, 0.37457, 0.37542, 0.37514, 0.36594, 0.36329, 0.36423, 0.35889, 0.3435, 0.34099, 0.34678, 0.34458, 0.34932, 0.3452, 0.33847, 0.33308, 0.33342, 0.34731, 0.33466, 0.32455, 0.33425, 0.33662, 0.32132, 0.31896, 0.30372, 0.30431, 0.27173, 0.28011, 0.26824, 0.24832, 0.23718, 0.24065, 0.23765, 0.21827, 0.21254, 0.19438, 0.19548, 0.17518, 0.16268, 0.16996, 0.15644, 0.15329, 0.15228, 0.13616, 0.10655], 7, 3

Training Data:
[0.29087, 0.28842, 0.2891, 0.30695, 0.29549, 0.28994, 0.30098, 0.30942, 0.29683499999999974, 0.28425, 0.29676, 0.30589, 0.29678, 0.31184, 0.29396, 0.2998550000000001, 0.30575, 0.30568, 0.30561, 0.30763, 0.30525, 0.29775, 0.30384, 0.30656666666666665, 0.3092933333333333, 0.31202, 0.3159625, 0.31990500000000005, 0.3238475, 0.32779, 0.33601000000000014, 0.34423, 0.32791999999999977, 0.31161, 0.31873, 0.32223, 0.31719, 0.31216, 0.30439, 0.2953, 0.31673, 0.31205, 0.30684, 0.30838, 0.30725, 0.30861, 0.30757, 0.28379, 0.28428, 0.27666, 0.28271499999999994, 0.28877, 0.28155, 0.28222, 0.28597, 0.27997, 0.28414, 0.28831, 0.29248, 0.28564, 0.28672, 0.26092, 0.22961, 0.25828, 0.23202, 0.23124, 0.22321, 0.21295, 0.21539, 0.20976, 0.19617, 0.1664, 0.16084, 0.14714, 0.15266, 0.15132, 0.12599, 0.13516, 0.12111, 0.1061, 0.08472], 1, 1
[0.29912, 0.30472, 0.30311, 0.31972, 0.3136, 0.31896, 0.31422, 0.33051, 0.3130849999999996, 0.29566, 0.30276, 0.31768, 0.30986, 0.32611, 0.30438, 0.3102250000000001, 0.31607, 0.316825, 0.31758, 0.32248, 0.31784, 0.30874, 0.31683, 0.32178333333333337, 0.32673666666666673, 0.33169, 0.33253999999999995, 0.33338999999999996, 0.33424, 0.33509, 0.3446650000000002, 0.35424, 0.3402999999999996, 0.32636, 0.33384, 0.34063, 0.32887, 0.32563, 0.32237, 0.31445, 0.33685, 0.32689, 0.3249, 0.31633, 0.31659, 0.31568, 0.31275, 0.30068, 0.29275, 0.28778, 0.290525, 0.29327, 0.29707, 0.28887, 0.28856, 0.2855, 0.2838966666666666, 0.2822933333333333, 0.28069, 0.27751, 0.27356, 0.24738, 0.23947, 0.24752, 0.22239, 0.21849, 0.21216, 0.20284, 0.19895, 0.1899, 0.17547, 0.14897, 0.13939, 0.14073, 0.13926, 0.14203, 0.12068, 0.13156, 0.12268, 0.10532, 0.09085], 2, 1
[0.30722, 0.31027, 0.31253, 0.32435, 0.31696, 0.33449, 0.32608, 0.34073, 0.32446499999999956, 0.3082, 0.3121, 0.32654, 0.32366, 0.33624, 0.31255, 0.31942499999999996, 0.3263, 0.32693, 0.32756, 0.33621, 0.32938, 0.31897, 0.32676, 0.33250666666666673, 0.3382533333333333, 0.344, 0.34268249999999995, 0.3413649999999999, 0.34004749999999995, 0.33873, 0.34782999999999986, 0.35693, 0.3425900000000004, 0.32825, 0.33416, 0.34112, 0.33066, 0.32596, 0.32311, 0.31901, 0.34122, 0.32945, 0.31952, 0.30739, 0.30682, 0.30785, 0.30323, 0.303, 0.28291, 0.28106, 0.28113499999999997, 0.28121, 0.29493, 0.28043, 0.27307, 0.28112, 0.2758033333333333, 0.27048666666666654, 0.26517, 0.26336, 0.25098, 0.22473, 0.23136, 0.22793, 0.20538, 0.20132, 0.19934, 0.1993, 0.17922, 0.18094, 0.16902, 0.14501, 0.12957, 0.13063, 0.13278, 0.13793, 0.1189, 0.12713, 0.11928, 0.10067, 0.08733], 3, 1
[0.30094, 0.30874, 0.31349, 0.32246, 0.31573, 0.33136, 0.32564, 0.33833, 0.3240050000000001, 0.30968, 0.3114, 0.32476, 0.32261, 0.33767, 0.31167, 0.31897999999999993, 0.32629, 0.32655, 0.32681, 0.3336, 0.32737, 0.31735, 0.32714, 0.33326, 0.3393799999999999, 0.3455, 0.3431725, 0.340845, 0.3385175, 0.33619, 0.34580999999999995, 0.35543, 0.3392200000000001, 0.32301, 0.32519, 0.33442, 0.3276, 0.32296, 0.32154, 0.31898, 0.33747, 0.32526, 0.31225, 0.30148, 0.29863, 0.30355, 0.2982, 0.2938, 0.27747, 0.27495, 0.274955, 0.27496, 0.28963, 0.27452, 0.2613, 0.28096, 0.27349333333333314, 0.26602666666666663, 0.25856, 0.24902, 0.23246, 0.20588, 0.22285, 0.21237, 0.19101, 0.18907, 0.18811, 0.18577, 0.16642, 0.17059, 0.15672, 0.1355, 0.12205, 0.12055, 0.12478, 0.12958, 0.11137, 0.11927, 0.11226, 0.09323, 0.08044], 4, 1
[0.33468, 0.33801, 0.35985, 0.35099, 0.35289, 0.37582, 0.37468, 0.3766, 0.36775, 0.38376, 0.3767, 0.38027, 0.37561, 0.36573, 0.38036, 0.37365000000000004, 0.36694, 0.37201999999999996, 0.3771, 0.38746, 0.37373, 0.38359, 0.38206, 0.37858, 0.36776, 0.3758, 0.3771, 0.35605, 0.3691, 0.37403, 0.375065, 0.3761, 0.379495, 0.38289, 0.3885, 0.3788, 0.38365, 0.37257, 0.38195, 0.37085, 0.38112, 0.37293, 0.36516, 0.34274, 0.34575, 0.35522, 0.34045, 0.3487, 0.35351, 0.32926, 0.34244, 0.33863, 0.33771, 0.32047, 0.32342, 0.32038, 0.34562, 0.32752, 0.31555, 0.29148, 0.27576, 0.24448, 0.26957, 0.24934, 0.22061, 0.22272, 0.22256, 0.20175, 0.21315, 0.19586, 0.1928, 0.17809000000000008, 0.16338, 0.16657, 0.1639, 0.15981000000000012, 0.15572, 0.14038, 0.12279000000000018, 0.1052], 5, 1
[0.32254, 0.32482, 0.34756, 0.33027, 0.34371, 0.36502, 0.36267, 0.36323, 0.35788, 0.37413, 0.3684, 0.37239, 0.36531, 0.36174, 0.37182, 0.3674249999999999, 0.36303, 0.36867999999999995, 0.37433, 0.37295, 0.36474, 0.37125, 0.37588, 0.37483, 0.36208, 0.37492, 0.36642, 0.34831, 0.36023, 0.3617, 0.36329, 0.36488, 0.36776, 0.37064, 0.36252, 0.36293, 0.37193, 0.36404, 0.37438, 0.36125, 0.36784, 0.36202, 0.3527, 0.33924, 0.33718, 0.34953, 0.33613, 0.32951, 0.35329, 0.33497, 0.34831, 0.3441, 0.34096, 0.32688, 0.33397, 0.32833, 0.34962, 0.33783, 0.3241, 0.29965, 0.28963, 0.25627, 0.2749, 0.26181, 0.23297, 0.23263, 0.23125, 0.21083, 0.21943, 0.20356, 0.19702, 0.17962000000000033, 0.16222, 0.16414, 0.16471, 0.15917500000000007, 0.15364, 0.13949, 0.12096499999999999, 0.10244], 6, 1
[0.3165, 0.32423, 0.34625, 0.32003, 0.33787, 0.36159, 0.36089, 0.3588, 0.35609, 0.37085, 0.36773, 0.37042, 0.36002, 0.36094, 0.36797, 0.3641249999999999, 0.36028, 0.36612, 0.37196, 0.3641, 0.35966, 0.36214, 0.36957, 0.37026, 0.35139, 0.36777, 0.35451, 0.34098, 0.35651, 0.35619, 0.35816, 0.36013, 0.36430999999999997, 0.36849, 0.36286, 0.3681, 0.37217, 0.36522, 0.37809, 0.36152, 0.36041, 0.35547, 0.3476, 0.33983, 0.33462, 0.34817, 0.33635, 0.32043, 0.33661, 0.32482, 0.33664, 0.32684, 0.34241, 0.32307, 0.33121, 0.32403, 0.34053, 0.32934, 0.31857, 0.29947, 0.28892, 0.25823, 0.27617, 0.26091, 0.23358, 0.23432, 0.23581, 0.233, 0.22808, 0.21607, 0.21002, 0.19259000000000004, 0.17516, 0.18184, 0.18717, 0.18195000000000006, 0.17673, 0.16364, 0.1453800000000003, 0.12712], 7, 1
[0.31229, 0.32476, 0.34713, 0.31578, 0.34139, 0.35949, 0.36088, 0.35856, 0.35431, 0.36885, 0.36825, 0.3712, 0.35702, 0.36388, 0.36692, 0.365355, 0.36379, 0.369215, 0.37464, 0.36747, 0.36128, 0.36176, 0.36935, 0.37287, 0.3543, 0.37325, 0.35751, 0.34263, 0.35571, 0.35414, 0.35631, 0.35848, 0.36327, 0.36806, 0.36252, 0.36901, 0.37313, 0.36611, 0.37955, 0.36198, 0.35681, 0.35273, 0.34103, 0.33504, 0.32777, 0.3408, 0.32817, 0.31101, 0.32468, 0.31089, 0.32399, 0.30905, 0.34213, 0.3236, 0.33183, 0.32166, 0.33028, 0.31798, 0.31723, 0.30113, 0.28935, 0.26, 0.27704, 0.25536, 0.22988, 0.2236, 0.2316, 0.23949, 0.22303, 0.21435, 0.20184, 0.17731999999999903, 0.1528, 0.16789, 0.17307, 0.1665700000000001, 0.16007, 0.14866, 0.13787499999999975, 0.12709], 8, 1
[0.33305, 0.31935, 0.3255, 0.34698, 0.35303, 0.37086, 0.36731, 0.36566, 0.35741, 0.37969, 0.37393, 0.37435, 0.36301, 0.36924, 0.37547, 0.36102, 0.36386999999999997, 0.36672, 0.36957, 0.37242, 0.37527, 0.37812, 0.37397, 0.37317, 0.3621, 0.37098, 0.375, 0.357, 0.36744, 0.36371, 0.36709, 0.37047, 0.37173500000000004, 0.373, 0.38353, 0.37774, 0.37413, 0.37517, 0.37708, 0.37017, 0.38271, 0.37356, 0.36148, 0.33414, 0.34552, 0.35833, 0.35311, 0.33689, 0.35705, 0.33853, 0.3356, 0.33413, 0.34917, 0.33955, 0.34015, 0.34076, 0.3563, 0.34165, 0.3278, 0.30912, 0.31219, 0.2769, 0.28885, 0.27208, 0.24434, 0.23687, 0.24363, 0.24708, 0.24128, 0.23095, 0.22883, 0.19614, 0.18651, 0.19209, 0.18708, 0.17876, 0.17269, 0.1681, 0.14869, 0.1285, 0.13087], 4, 2
[0.32547, 0.31823, 0.3228, 0.34035, 0.34491, 0.36967, 0.36752, 0.36834, 0.35481, 0.37813, 0.37084, 0.37158, 0.36165, 0.36806000000000005, 0.37447, 0.36734, 0.3676083333333333, 0.3678766666666667, 0.368145, 0.3684133333333333, 0.3686816666666667, 0.36895, 0.3757, 0.37561, 0.36582, 0.3776, 0.37202, 0.35886, 0.37171, 0.36865, 0.37075, 0.37285, 0.37605, 0.37925, 0.38265, 0.38218, 0.38069, 0.38204, 0.38252, 0.37783, 0.38059, 0.36872, 0.36283, 0.33955, 0.34324, 0.35214, 0.34678, 0.34043, 0.35451, 0.33385, 0.33502, 0.33416, 0.35069, 0.33885, 0.33241, 0.33979, 0.35025, 0.33688, 0.32323, 0.30482, 0.30756, 0.26982, 0.28773, 0.26814, 0.24051, 0.23452, 0.24436, 0.23881, 0.23914, 0.22386, 0.22282, 0.20041, 0.18159, 0.18362, 0.17938, 0.17485, 0.16569, 0.16222, 0.13953, 0.11938, 0.12193], 5, 2
[0.31392, 0.31147, 0.31979, 0.33407, 0.32916, 0.35813, 0.36739, 0.36721, 0.3522, 0.37392, 0.36468, 0.36557, 0.35462, 0.3618349999999999, 0.36905, 0.36704, 0.36534999999999995, 0.36366, 0.36196999999999996, 0.36027999999999993, 0.35858999999999996, 0.3569, 0.36844, 0.37025, 0.35628, 0.37325, 0.35997, 0.35003, 0.36715, 0.36554, 0.36705, 0.36856, 0.37446999999999997, 0.38038, 0.37457, 0.37438, 0.37685, 0.37886, 0.38042, 0.37802, 0.37344, 0.36033, 0.35693, 0.33327, 0.33383, 0.34267, 0.33708, 0.34018, 0.34587, 0.32032, 0.32134, 0.32256, 0.35104, 0.33112, 0.31988, 0.32994, 0.33967, 0.32012, 0.30722, 0.2947, 0.28962, 0.25271, 0.28437, 0.2485, 0.22745, 0.2203, 0.23244, 0.24081, 0.21833, 0.20484, 0.19561, 0.19082, 0.16095, 0.16107, 0.15447, 0.15529, 0.15041, 0.14839, 0.13023, 0.11239, 0.11698], 8, 2
[0.29309, 0.31584, 0.30326, 0.31386, 0.32344, 0.33936, 0.35928, 0.35703, 0.35781, 0.36277, 0.3614, 0.37098, 0.35687, 0.36213, 0.36081, 0.35886, 0.36074, 0.36649499999999996, 0.37225, 0.37494, 0.36526, 0.36033, 0.36795, 0.36929, 0.3705, 0.36818, 0.36611, 0.3545, 0.36905, 0.36307, 0.36364, 0.36421, 0.3731, 0.37413, 0.35203, 0.37571, 0.37341, 0.3739, 0.37832, 0.37018, 0.36405, 0.36451, 0.35016, 0.3422, 0.33217, 0.3284, 0.33074, 0.32271, 0.33345, 0.32196, 0.32196, 0.31052, 0.3425, 0.32037, 0.30338, 0.31021, 0.32014, 0.30274, 0.29195, 0.28408, 0.27189, 0.24152, 0.27614, 0.25805, 0.21971, 0.21466, 0.22519, 0.22863, 0.21444, 0.21065, 0.19406, 0.1917, 0.16992, 0.16668, 0.17589, 0.16755250000000022, 0.1592150000000001, 0.1508775, 0.14254, 0.12291, 0.12019], 2, 2
[0.31748, 0.32945, 0.31564, 0.34092, 0.34714, 0.35504, 0.35984, 0.35913, 0.36701, 0.37351, 0.37205, 0.3772, 0.37055, 0.36455, 0.374, 0.36391, 0.36495, 0.36849999999999994, 0.37205, 0.37921, 0.37138, 0.37327, 0.36757, 0.36706, 0.37022, 0.36895, 0.37086, 0.35636, 0.36817, 0.36346, 0.364805, 0.36615, 0.37325, 0.37435, 0.36068, 0.37497, 0.37466, 0.37672, 0.38034, 0.37074, 0.37731, 0.37754, 0.36059, 0.35015, 0.35481, 0.35325, 0.3557, 0.34509, 0.35733, 0.34802, 0.3486, 0.34241, 0.35304, 0.34031, 0.34924, 0.34335, 0.3498, 0.34366, 0.33223, 0.31717, 0.31486, 0.27907, 0.28638, 0.29433, 0.25212, 0.24395, 0.25821, 0.25159, 0.2476, 0.2438, 0.22299, 0.21828, 0.19509, 0.18706, 0.19194, 0.18000499999999953, 0.16806999999999972, 0.1561349999999999, 0.1442, 0.12121, 0.11631], 1, 2
[0.32618, 0.32844, 0.31381, 0.34417, 0.35049, 0.36087, 0.35434, 0.35665, 0.3671, 0.37316, 0.37163, 0.37065, 0.37226, 0.35825, 0.37416, 0.35776, 0.35831, 0.36212500000000003, 0.36594, 0.376, 0.36784, 0.37917, 0.36076, 0.36208, 0.37154, 0.37339, 0.37477, 0.35888, 0.3659, 0.36092, 0.36300000000000004, 0.36508, 0.38599, 0.38549, 0.38757, 0.38852, 0.37594, 0.37857, 0.37976, 0.36965, 0.37296, 0.37397, 0.35225, 0.34186, 0.3522, 0.35303, 0.35668, 0.35049, 0.35265, 0.34521, 0.34224, 0.3403, 0.35256, 0.34038, 0.3531, 0.34215, 0.3533, 0.34471, 0.33674, 0.32248, 0.32016, 0.28354, 0.28426, 0.29206, 0.24729, 0.2335, 0.24836, 0.23421, 0.23504, 0.21687, 0.19813, 0.18763, 0.16293, 0.14737, 0.14951, 0.13877499999999987, 0.12803999999999993, 0.11730499999999999, 0.10657, 0.07938, 0.07571], 6, 2
[0.32304, 0.32026, 0.31589, 0.32411, 0.32564, 0.35758, 0.34667, 0.35434, 0.35724, 0.36085, 0.3588, 0.36251, 0.36599, 0.36274500000000004, 0.3595, 0.35699, 0.36216, 0.36980500000000016, 0.37745, 0.37784, 0.37699, 0.37694, 0.37918, 0.37936545454545456, 0.3795509090909091, 0.37973636363636365, 0.3799218181818182, 0.38010727272727274, 0.3802927272727273, 0.3804781818181818, 0.38066363636363637, 0.3808490909090909, 0.38103454545454546, 0.38122, 0.38563, 0.37938, 0.37054, 0.3744, 0.37653, 0.36535, 0.37195, 0.37867, 0.35959, 0.34934, 0.3563, 0.35981, 0.3521, 0.34799, 0.35628, 0.34201, 0.34242, 0.34248, 0.35603, 0.34143, 0.34326, 0.35598, 0.35124, 0.34681, 0.34009, 0.32875, 0.32944, 0.29316, 0.29765, 0.30023, 0.27697, 0.26981, 0.27351, 0.2534, 0.24967, 0.24808, 0.22395, 0.21275, 0.19402, 0.18094, 0.19009, 0.16839, 0.1633, 0.16556, 0.14654, 0.11466], 5, 3
[0.28972, 0.28688, 0.30175, 0.30783, 0.30673, 0.33011, 0.34118, 0.34307, 0.35043, 0.35697, 0.35522, 0.35527, 0.35105, 0.352035, 0.35302, 0.35706, 0.35636, 0.36270500000000006, 0.36905, 0.34889, 0.3661, 0.35975, 0.37867, 0.37810636363636363, 0.3775427272727273, 0.37697909090909093, 0.37641545454545455, 0.37585181818181823, 0.37528818181818185, 0.3747245454545455, 0.3741609090909091, 0.3735972727272727, 0.3730336363636364, 0.37247, 0.35359, 0.37039, 0.37079, 0.37091, 0.36981, 0.36247, 0.35339, 0.35502, 0.35284, 0.34208, 0.33635, 0.34237, 0.34158, 0.35155, 0.34628, 0.33895, 0.33427, 0.33562, 0.34253, 0.33601, 0.32556, 0.3353, 0.33644, 0.32155, 0.31838, 0.30077, 0.30548, 0.27283, 0.27726, 0.26569, 0.24601, 0.23271, 0.23387, 0.22369, 0.21114, 0.20587, 0.18761, 0.1874, 0.16781, 0.15244, 0.15878, 0.1442, 0.14096, 0.13852, 0.12137, 0.09597], 1, 3
