Test Data:
[0.30094, 0.30874, 0.31349, 0.32246, 0.31573, 0.33136, 0.32564, 0.33833, 0.3240050000000001, 0.30968, 0.3114, 0.32476, 0.32261, 0.33767, 0.31167, 0.31897999999999993, 0.32629, 0.32655, 0.32681, 0.3336, 0.32737, 0.31735, 0.32714, 0.33326, 0.3393799999999999, 0.3455, 0.3431725, 0.340845, 0.3385175, 0.33619, 0.34580999999999995, 0.35543, 0.3392200000000001, 0.32301, 0.32519, 0.33442, 0.3276, 0.32296, 0.32154, 0.31898, 0.33747, 0.32526, 0.31225, 0.30148, 0.29863, 0.30355, 0.2982, 0.2938, 0.27747, 0.27495, 0.274955, 0.27496, 0.28963, 0.27452, 0.2613, 0.28096, 0.27349333333333314, 0.26602666666666663, 0.25856, 0.24902, 0.23246, 0.20588, 0.22285, 0.21237, 0.19101, 0.18907, 0.18811, 0.18577, 0.16642, 0.17059, 0.15672, 0.1355, 0.12205, 0.12055, 0.12478, 0.12958, 0.11137, 0.11927, 0.11226, 0.09323, 0.08044], 4, 1
[0.32547, 0.31823, 0.3228, 0.34035, 0.34491, 0.36967, 0.36752, 0.36834, 0.35481, 0.37813, 0.37084, 0.37158, 0.36165, 0.36806000000000005, 0.37447, 0.36734, 0.3676083333333333, 0.3678766666666667, 0.368145, 0.3684133333333333, 0.3686816666666667, 0.36895, 0.3757, 0.37561, 0.36582, 0.3776, 0.37202, 0.35886, 0.37171, 0.36865, 0.37075, 0.37285, 0.37605, 0.37925, 0.38265, 0.38218, 0.38069, 0.38204, 0.38252, 0.37783, 0.38059, 0.36872, 0.36283, 0.33955, 0.34324, 0.35214, 0.34678, 0.34043, 0.35451, 0.33385, 0.33502, 0.33416, 0.35069, 0.33885, 0.33241, 0.33979, 0.35025, 0.33688, 0.32323, 0.30482, 0.30756, 0.26982, 0.28773, 0.26814, 0.24051, 0.23452, 0.24436, 0.23881, 0.23914, 0.22386, 0.22282, 0.20041, 0.18159, 0.18362, 0.17938, 0.17485, 0.16569, 0.16222, 0.13953, 0.11938, 0.12193], 5, 2
[0.32304, 0.32026, 0.31589, 0.32411, 0.32564, 0.35758, 0.34667, 0.35434, 0.35724, 0.36085, 0.3588, 0.36251, 0.36599, 0.36274500000000004, 0.3595, 0.35699, 0.36216, 0.36980500000000016, 0.37745, 0.37784, 0.37699, 0.37694, 0.37918, 0.37936545454545456, 0.3795509090909091, 0.37973636363636365, 0.3799218181818182, 0.38010727272727274, 0.3802927272727273, 0.3804781818181818, 0.38066363636363637, 0.3808490909090909, 0.38103454545454546, 0.38122, 0.38563, 0.37938, 0.37054, 0.3744, 0.37653, 0.36535, 0.37195, 0.37867, 0.35959, 0.34934, 0.3563, 0.35981, 0.3521, 0.34799, 0.35628, 0.34201, 0.34242, 0.34248, 0.35603, 0.34143, 0.34326, 0.35598, 0.35124, 0.34681, 0.34009, 0.32875, 0.32944, 0.29316, 0.29765, 0.30023, 0.27697, 0.26981, 0.27351, 0.2534, 0.24967, 0.24808, 0.22395, 0.21275, 0.19402, 0.18094, 0.19009, 0.16839, 0.1633, 0.16556, 0.14654, 0.11466], 5, 3
[0.32355, 0.32898, 0.3231, 0.32879, 0.3374, 0.36686, 0.35734, 0.36544, 0.36656, 0.37091, 0.36972, 0.37157, 0.3787, 0.37473500000000004, 0.37077, 0.36577, 0.37247, 0.37899499999999997, 0.38552, 0.38892, 0.38859, 0.3872, 0.38753, 0.3871718181818182, 0.38681363636363636, 0.38645545454545455, 0.38609727272727273, 0.38573909090909086, 0.38538090909090905, 0.38502272727272724, 0.3846645454545454, 0.3843063636363636, 0.3839481818181818, 0.38359, 0.38481, 0.38934, 0.37723, 0.37944, 0.38051, 0.3688, 0.37635, 0.37918, 0.36676, 0.35068, 0.35217, 0.35547, 0.3507, 0.35302, 0.34995, 0.34209, 0.3368, 0.33505, 0.35177, 0.33735, 0.32968, 0.33926, 0.34037, 0.32705, 0.32596, 0.31287, 0.30821, 0.27455, 0.28556, 0.27576, 0.25866, 0.24749, 0.25371, 0.2533, 0.23016, 0.22788, 0.20928, 0.2082, 0.18734, 0.17664, 0.18529, 0.16894, 0.16435, 0.1631, 0.14437, 0.11534], 3, 3

Training Data:
[0.29087, 0.28842, 0.2891, 0.30695, 0.29549, 0.28994, 0.30098, 0.30942, 0.29683499999999974, 0.28425, 0.29676, 0.30589, 0.29678, 0.31184, 0.29396, 0.2998550000000001, 0.30575, 0.30568, 0.30561, 0.30763, 0.30525, 0.29775, 0.30384, 0.30656666666666665, 0.3092933333333333, 0.31202, 0.3159625, 0.31990500000000005, 0.3238475, 0.32779, 0.33601000000000014, 0.34423, 0.32791999999999977, 0.31161, 0.31873, 0.32223, 0.31719, 0.31216, 0.30439, 0.2953, 0.31673, 0.31205, 0.30684, 0.30838, 0.30725, 0.30861, 0.30757, 0.28379, 0.28428, 0.27666, 0.28271499999999994, 0.28877, 0.28155, 0.28222, 0.28597, 0.27997, 0.28414, 0.28831, 0.29248, 0.28564, 0.28672, 0.26092, 0.22961, 0.25828, 0.23202, 0.23124, 0.22321, 0.21295, 0.21539, 0.20976, 0.19617, 0.1664, 0.16084, 0.14714, 0.15266, 0.15132, 0.12599, 0.13516, 0.12111, 0.1061, 0.08472], 1, 1
[0.29912, 0.30472, 0.30311, 0.31972, 0.3136, 0.31896, 0.31422, 0.33051, 0.3130849999999996, 0.29566, 0.30276, 0.31768, 0.30986, 0.32611, 0.30438, 0.3102250000000001, 0.31607, 0.316825, 0.31758, 0.32248, 0.31784, 0.30874, 0.31683, 0.32178333333333337, 0.32673666666666673, 0.33169, 0.33253999999999995, 0.33338999999999996, 0.33424, 0.33509, 0.3446650000000002, 0.35424, 0.3402999999999996, 0.32636, 0.33384, 0.34063, 0.32887, 0.32563, 0.32237, 0.31445, 0.33685, 0.32689, 0.3249, 0.31633, 0.31659, 0.31568, 0.31275, 0.30068, 0.29275, 0.28778, 0.290525, 0.29327, 0.29707, 0.28887, 0.28856, 0.2855, 0.2838966666666666, 0.2822933333333333, 0.28069, 0.27751, 0.27356, 0.24738, 0.23947, 0.24752, 0.22239, 0.21849, 0.21216, 0.20284, 0.19895, 0.1899, 0.17547, 0.14897, 0.13939, 0.14073, 0.13926, 0.14203, 0.12068, 0.13156, 0.12268, 0.10532, 0.09085], 2, 1
[0.30722, 0.31027, 0.31253, 0.32435, 0.31696, 0.33449, 0.32608, 0.34073, 0.32446499999999956, 0.3082, 0.3121, 0.32654, 0.32366, 0.33624, 0.31255, 0.31942499999999996, 0.3263, 0.32693, 0.32756, 0.33621, 0.32938, 0.31897, 0.32676, 0.33250666666666673, 0.3382533333333333, 0.344, 0.34268249999999995, 0.3413649999999999, 0.34004749999999995, 0.33873, 0.34782999999999986, 0.35693, 0.3425900000000004, 0.32825, 0.33416, 0.34112, 0.33066, 0.32596, 0.32311, 0.31901, 0.34122, 0.32945, 0.31952, 0.30739, 0.30682, 0.30785, 0.30323, 0.303, 0.28291, 0.28106, 0.28113499999999997, 0.28121, 0.29493, 0.28043, 0.27307, 0.28112, 0.2758033333333333, 0.27048666666666654, 0.26517, 0.26336, 0.25098, 0.22473, 0.23136, 0.22793, 0.20538, 0.20132, 0.19934, 0.1993, 0.17922, 0.18094, 0.16902, 0.14501, 0.12957, 0.13063, 0.13278, 0.13793, 0.1189, 0.12713, 0.11928, 0.10067, 0.08733], 3, 1
[0.33468, 0.33801, 0.35985, 0.35099, 0.35289, 0.37582, 0.37468, 0.3766, 0.36775, 0.38376, 0.3767, 0.38027, 0.37561, 0.36573, 0.38036, 0.37365000000000004, 0.36694, 0.37201999999999996, 0.3771, 0.38746, 0.37373, 0.38359, 0.38206, 0.37858, 0.36776, 0.3758, 0.3771, 0.35605, 0.3691, 0.37403, 0.375065, 0.3761, 0.379495, 0.38289, 0.3885, 0.3788, 0.38365, 0.37257, 0.38195, 0.37085, 0.38112, 0.37293, 0.36516, 0.34274, 0.34575, 0.35522, 0.34045, 0.3487, 0.35351, 0.32926, 0.34244, 0.33863, 0.33771, 0.32047, 0.32342, 0.32038, 0.34562, 0.32752, 0.31555, 0.29148, 0.27576, 0.24448, 0.26957, 0.24934, 0.22061, 0.22272, 0.22256, 0.20175, 0.21315, 0.19586, 0.1928, 0.17809000000000008, 0.16338, 0.16657, 0.1639, 0.15981000000000012, 0.15572, 0.14038, 0.12279000000000018, 0.1052], 5, 1
[0.32254, 0.32482, 0.34756, 0.33027, 0.34371, 0.36502, 0.36267, 0.36323, 0.35788, 0.37413, 0.3684, 0.37239, 0.36531, 0.36174, 0.37182, 0.3674249999999999, 0.36303, 0.36867999999999995, 0.37433, 0.37295, 0.36474, 0.37125, 0.37588, 0.37483, 0.36208, 0.37492, 0.36642, 0.34831, 0.36023, 0.3617, 0.36329, 0.36488, 0.36776, 0.37064, 0.36252, 0.36293, 0.37193, 0.36404, 0.37438, 0.36125, 0.36784, 0.36202, 0.3527, 0.33924, 0.33718, 0.34953, 0.33613, 0.32951, 0.35329, 0.33497, 0.34831, 0.3441, 0.34096, 0.32688, 0.33397, 0.32833, 0.34962, 0.33783, 0.3241, 0.29965, 0.28963, 0.25627, 0.2749, 0.26181, 0.23297, 0.23263, 0.23125, 0.21083, 0.21943, 0.20356, 0.19702, 0.17962000000000033, 0.16222, 0.16414, 0.16471, 0.15917500000000007, 0.15364, 0.13949, 0.12096499999999999, 0.10244], 6, 1
[0.3165, 0.32423, 0.34625, 0.32003, 0.33787, 0.36159, 0.36089, 0.3588, 0.35609, 0.37085, 0.36773, 0.37042, 0.36002, 0.36094, 0.36797, 0.3641249999999999, 0.36028, 0.36612, 0.37196, 0.3641, 0.35966, 0.36214, 0.36957, 0.37026, 0.35139, 0.36777, 0.35451, 0.34098, 0.35651, 0.35619, 0.35816, 0.36013, 0.36430999999999997, 0.36849, 0.36286, 0.3681, 0.37217, 0.36522, 0.37809, 0.36152, 0.36041, 0.35547, 0.3476, 0.33983, 0.33462, 0.34817, 0.33635, 0.32043, 0.33661, 0.32482, 0.33664, 0.32684, 0.34241, 0.32307, 0.33121, 0.32403, 0.34053, 0.32934, 0.31857, 0.29947, 0.28892, 0.25823, 0.27617, 0.26091, 0.23358, 0.23432, 0.23581, 0.233, 0.22808, 0.21607, 0.21002, 0.19259000000000004, 0.17516, 0.18184, 0.18717, 0.18195000000000006, 0.17673, 0.16364, 0.1453800000000003, 0.12712], 7, 1
[0.31229, 0.32476, 0.34713, 0.31578, 0.34139, 0.35949, 0.36088, 0.35856, 0.35431, 0.36885, 0.36825, 0.3712, 0.35702, 0.36388, 0.36692, 0.365355, 0.36379, 0.369215, 0.37464, 0.36747, 0.36128, 0.36176, 0.36935, 0.37287, 0.3543, 0.37325, 0.35751, 0.34263, 0.35571, 0.35414, 0.35631, 0.35848, 0.36327, 0.36806, 0.36252, 0.36901, 0.37313, 0.36611, 0.37955, 0.36198, 0.35681, 0.35273, 0.34103, 0.33504, 0.32777, 0.3408, 0.32817, 0.31101, 0.32468, 0.31089, 0.32399, 0.30905, 0.34213, 0.3236, 0.33183, 0.32166, 0.33028, 0.31798, 0.31723, 0.30113, 0.28935, 0.26, 0.27704, 0.25536, 0.22988, 0.2236, 0.2316, 0.23949, 0.22303, 0.21435, 0.20184, 0.17731999999999903, 0.1528, 0.16789, 0.17307, 0.1665700000000001, 0.16007, 0.14866, 0.13787499999999975, 0.12709], 8, 1
[0.33305, 0.31935, 0.3255, 0.34698, 0.35303, 0.37086, 0.36731, 0.36566, 0.35741, 0.37969, 0.37393, 0.37435, 0.36301, 0.36924, 0.37547, 0.36102, 0.36386999999999997, 0.36672, 0.36957, 0.37242, 0.37527, 0.37812, 0.37397, 0.37317, 0.3621, 0.37098, 0.375, 0.357, 0.36744, 0.36371, 0.36709, 0.37047, 0.37173500000000004, 0.373, 0.38353, 0.37774, 0.37413, 0.37517, 0.37708, 0.37017, 0.38271, 0.37356, 0.36148, 0.33414, 0.34552, 0.35833, 0.35311, 0.33689, 0.35705, 0.33853, 0.3356, 0.33413, 0.34917, 0.33955, 0.34015, 0.34076, 0.3563, 0.34165, 0.3278, 0.30912, 0.31219, 0.2769, 0.28885, 0.27208, 0.24434, 0.23687, 0.24363, 0.24708, 0.24128, 0.23095, 0.22883, 0.19614, 0.18651, 0.19209, 0.18708, 0.17876, 0.17269, 0.1681, 0.14869, 0.1285, 0.13087], 4, 2
[0.31392, 0.31147, 0.31979, 0.33407, 0.32916, 0.35813, 0.36739, 0.36721, 0.3522, 0.37392, 0.36468, 0.36557, 0.35462, 0.3618349999999999, 0.36905, 0.36704, 0.36534999999999995, 0.36366, 0.36196999999999996, 0.36027999999999993, 0.35858999999999996, 0.3569, 0.36844, 0.37025, 0.35628, 0.37325, 0.35997, 0.35003, 0.36715, 0.36554, 0.36705, 0.36856, 0.37446999999999997, 0.38038, 0.37457, 0.37438, 0.37685, 0.37886, 0.38042, 0.37802, 0.37344, 0.36033, 0.35693, 0.33327, 0.33383, 0.34267, 0.33708, 0.34018, 0.34587, 0.32032, 0.32134, 0.32256, 0.35104, 0.33112, 0.31988, 0.32994, 0.33967, 0.32012, 0.30722, 0.2947, 0.28962, 0.25271, 0.28437, 0.2485, 0.22745, 0.2203, 0.23244, 0.24081, 0.21833, 0.20484, 0.19561, 0.19082, 0.16095, 0.16107, 0.15447, 0.15529, 0.15041, 0.14839, 0.13023, 0.11239, 0.11698], 8, 2
[0.30242, 0.30403, 0.31614, 0.32908, 0.32196, 0.34585, 0.36204, 0.36308, 0.34557, 0.36636, 0.35447, 0.35622, 0.34235, 0.350495, 0.35864, 0.36459, 0.360745, 0.3569, 0.353055, 0.34921, 0.3453649999999999, 0.34152, 0.35954, 0.36158, 0.3441, 0.36444, 0.34224, 0.3373, 0.35988, 0.35811, 0.358805, 0.3595, 0.3661650000000001, 0.37283, 0.35987, 0.36013, 0.36871, 0.37072, 0.37302, 0.37361, 0.35682, 0.34627, 0.34391, 0.32358, 0.32087, 0.33266, 0.32873, 0.33671, 0.33474, 0.30967, 0.31182, 0.31225, 0.34977, 0.32605, 0.31226, 0.32423, 0.33253, 0.31171, 0.29641, 0.28624, 0.27803, 0.24307, 0.28073, 0.23912, 0.21802, 0.20891, 0.22063, 0.22621, 0.2036, 0.18645, 0.18294, 0.17366, 0.14581, 0.14525, 0.13959, 0.14032, 0.13851, 0.13737, 0.11933, 0.10223, 0.10725], 7, 2
[0.29309, 0.31584, 0.30326, 0.31386, 0.32344, 0.33936, 0.35928, 0.35703, 0.35781, 0.36277, 0.3614, 0.37098, 0.35687, 0.36213, 0.36081, 0.35886, 0.36074, 0.36649499999999996, 0.37225, 0.37494, 0.36526, 0.36033, 0.36795, 0.36929, 0.3705, 0.36818, 0.36611, 0.3545, 0.36905, 0.36307, 0.36364, 0.36421, 0.3731, 0.37413, 0.35203, 0.37571, 0.37341, 0.3739, 0.37832, 0.37018, 0.36405, 0.36451, 0.35016, 0.3422, 0.33217, 0.3284, 0.33074, 0.32271, 0.33345, 0.32196, 0.32196, 0.31052, 0.3425, 0.32037, 0.30338, 0.31021, 0.32014, 0.30274, 0.29195, 0.28408, 0.27189, 0.24152, 0.27614, 0.25805, 0.21971, 0.21466, 0.22519, 0.22863, 0.21444, 0.21065, 0.19406, 0.1917, 0.16992, 0.16668, 0.17589, 0.16755250000000022, 0.1592150000000001, 0.1508775, 0.14254, 0.12291, 0.12019], 2, 2
[0.30964, 0.32852, 0.31356, 0.33241, 0.33926, 0.35106, 0.36355, 0.36155, 0.3673, 0.37181, 0.37192, 0.379, 0.37057, 0.36819, 0.37202, 0.36453, 0.36864, 0.37303000000000003, 0.37742, 0.385, 0.37422, 0.37315, 0.37374, 0.37434, 0.37695, 0.37387, 0.37608, 0.36121, 0.37189, 0.36659, 0.36756, 0.36853, 0.37203, 0.37238, 0.35423, 0.37542, 0.37491, 0.37503, 0.37759, 0.36924, 0.37126, 0.36881, 0.35191, 0.34211, 0.33703, 0.3353, 0.33897, 0.33283, 0.34181, 0.33043, 0.32969, 0.31962, 0.34656, 0.32684, 0.31961, 0.32007, 0.33015, 0.31523, 0.30461, 0.29643, 0.28673, 0.25375, 0.27983, 0.27196, 0.23429, 0.22829, 0.24177, 0.24326, 0.23044, 0.23023, 0.21192, 0.21026, 0.18889, 0.18507, 0.19213, 0.18177250000000011, 0.1714150000000001, 0.16105750000000008, 0.1507, 0.12988, 0.12706], 3, 2
[0.31748, 0.32945, 0.31564, 0.34092, 0.34714, 0.35504, 0.35984, 0.35913, 0.36701, 0.37351, 0.37205, 0.3772, 0.37055, 0.36455, 0.374, 0.36391, 0.36495, 0.36849999999999994, 0.37205, 0.37921, 0.37138, 0.37327, 0.36757, 0.36706, 0.37022, 0.36895, 0.37086, 0.35636, 0.36817, 0.36346, 0.364805, 0.36615, 0.37325, 0.37435, 0.36068, 0.37497, 0.37466, 0.37672, 0.38034, 0.37074, 0.37731, 0.37754, 0.36059, 0.35015, 0.35481, 0.35325, 0.3557, 0.34509, 0.35733, 0.34802, 0.3486, 0.34241, 0.35304, 0.34031, 0.34924, 0.34335, 0.3498, 0.34366, 0.33223, 0.31717, 0.31486, 0.27907, 0.28638, 0.29433, 0.25212, 0.24395, 0.25821, 0.25159, 0.2476, 0.2438, 0.22299, 0.21828, 0.19509, 0.18706, 0.19194, 0.18000499999999953, 0.16806999999999972, 0.1561349999999999, 0.1442, 0.12121, 0.11631], 1, 2
[0.32618, 0.32844, 0.31381, 0.34417, 0.35049, 0.36087, 0.35434, 0.35665, 0.3671, 0.37316, 0.37163, 0.37065, 0.37226, 0.35825, 0.37416, 0.35776, 0.35831, 0.36212500000000003, 0.36594, 0.376, 0.36784, 0.37917, 0.36076, 0.36208, 0.37154, 0.37339, 0.37477, 0.35888, 0.3659, 0.36092, 0.36300000000000004, 0.36508, 0.38599, 0.38549, 0.38757, 0.38852, 0.37594, 0.37857, 0.37976, 0.36965, 0.37296, 0.37397, 0.35225, 0.34186, 0.3522, 0.35303, 0.35668, 0.35049, 0.35265, 0.34521, 0.34224, 0.3403, 0.35256, 0.34038, 0.3531, 0.34215, 0.3533, 0.34471, 0.33674, 0.32248, 0.32016, 0.28354, 0.28426, 0.29206, 0.24729, 0.2335, 0.24836, 0.23421, 0.23504, 0.21687, 0.19813, 0.18763, 0.16293, 0.14737, 0.14951, 0.13877499999999987, 0.12803999999999993, 0.11730499999999999, 0.10657, 0.07938, 0.07571], 6, 2
[0.30743, 0.3105, 0.3128, 0.31802, 0.32227, 0.34697, 0.34932, 0.35431, 0.35897, 0.36312, 0.36234, 0.36207, 0.36277, 0.36187, 0.36097, 0.36229, 0.36398, 0.37041500000000005, 0.37685, 0.36751, 0.37671, 0.37163, 0.38273, 0.3824127272727273, 0.38209545454545457, 0.38177818181818185, 0.38146090909090913, 0.38114363636363635, 0.3808263636363637, 0.3805090909090909, 0.3801918181818182, 0.37987454545454546, 0.37955727272727274, 0.37924, 0.36809, 0.38005, 0.37457, 0.37542, 0.37514, 0.36594, 0.36329, 0.36423, 0.35889, 0.3435, 0.34099, 0.34678, 0.34458, 0.34932, 0.3452, 0.33847, 0.33308, 0.33342, 0.34731, 0.33466, 0.32455, 0.33425, 0.33662, 0.32132, 0.31896, 0.30372, 0.30431, 0.27173, 0.28011, 0.26824, 0.24832, 0.23718, 0.24065, 0.23765, 0.21827, 0.21254, 0.19438, 0.19548, 0.17518, 0.16268, 0.16996, 0.15644, 0.15329, 0.15228, 0.13616, 0.10655], 7, 3
[0.28972, 0.28688, 0.30175, 0.30783, 0.30673, 0.33011, 0.34118, 0.34307, 0.35043, 0.35697, 0.35522, 0.35527, 0.35105, 0.352035, 0.35302, 0.35706, 0.35636, 0.36270500000000006, 0.36905, 0.34889, 0.3661, 0.35975, 0.37867, 0.37810636363636363, 0.3775427272727273, 0.37697909090909093, 0.37641545454545455, 0.37585181818181823, 0.37528818181818185, 0.3747245454545455, 0.3741609090909091, 0.3735972727272727, 0.3730336363636364, 0.37247, 0.35359, 0.37039, 0.37079, 0.37091, 0.36981, 0.36247, 0.35339, 0.35502, 0.35284, 0.34208, 0.33635, 0.34237, 0.34158, 0.35155, 0.34628, 0.33895, 0.33427, 0.33562, 0.34253, 0.33601, 0.32556, 0.3353, 0.33644, 0.32155, 0.31838, 0.30077, 0.30548, 0.27283, 0.27726, 0.26569, 0.24601, 0.23271, 0.23387, 0.22369, 0.21114, 0.20587, 0.18761, 0.1874, 0.16781, 0.15244, 0.15878, 0.1442, 0.14096, 0.13852, 0.12137, 0.09597], 1, 3
[0.2976400628248142, 0.29086741329675264, 0.2876540334829337, 0.31560212278209365, 0.29792891170728286, 0.2825935544018156, 0.30967262570996185, 0.318620490642316, 0.30469902045135017, 0.287315677718878, 0.30474419474712866, 0.3018545148665498, 0.2916564240835798, 0.31616127089728685, 0.2933622956870126, 0.29616721688193076, 0.3012556030094915, 0.29931386900699647, 0.31443145106708087, 0.3171995321125279, 0.30151032084024015, 0.30367058512658496, 0.3053462696807025, 0.3041930915410098, 0.31087072576950847, 0.3215606960687762, 0.3099439414479088, 0.310731284021237, 0.3292015137155443, 0.32584527022328685, 0.32891267476623914, 0.3475146804814541, 0.3251463595910508, 0.3064371556063614, 0.3218226573933682, 0.31828372254724585, 0.3130544564624185, 0.3148294177509723, 0.30201041665961226, 0.30468790716689004, 0.32403772546188636, 0.30451165623937554, 0.3054296848316401, 0.3075267917680747, 0.30368298112433184, 0.31152767030542894, 0.3115690764902621, 0.2833256690594862, 0.2842060324212051, 0.28325195100086503, 0.2855504763854887, 0.2974785018042969, 0.2862626562265651, 0.2860734536650152, 0.28280208794067546, 0.27339437424276813, 0.28960850799834575, 0.280243753160425, 0.30141895456522877, 0.2899812984538688, 0.2901072166813004, 0.25450414463589677, 0.22696473812131698, 0.2641531543177798, 0.2413708630861765, 0.2301118178490155, 0.22042668215193326, 0.20915278584203875, 0.22342880552980518, 0.21663143429482604, 0.19364442197105466, 0.15913618572009974, 0.1695129560072963, 0.15450808403370067, 0.1428671247860331, 0.1587931992233539, 0.12081905679129484, 0.14008111821384367, 0.12440381244416301, 0.10611889077264261, 0.08336026526996637], 1, 1
[0.2876182265239557, 0.29730206974946244, 0.2983458382356164, 0.3027968552616944, 0.2997107497260266, 0.28442341607200344, 0.29934247240620687, 0.31348593585898754, 0.29655876776390544, 0.2933261671041088, 0.3017384388031689, 0.29786466899528263, 0.2884091073255693, 0.31590498950510515, 0.2850757624581116, 0.30432305567824286, 0.30775858383878224, 0.31435302639332807, 0.3021049333631816, 0.304339383578651, 0.3036134787362241, 0.287864151773626, 0.297340845772137, 0.3093408482357685, 0.3161276131572446, 0.3134599209900607, 0.3156201684331067, 0.31023426565307055, 0.3146296310014134, 0.3355498050886587, 0.3438429996721556, 0.3386030042041281, 0.32875071387488664, 0.31169990243716506, 0.3142966627387138, 0.3158391549635754, 0.32446078513830706, 0.3076500691372345, 0.2966557930290913, 0.29987940706737687, 0.3141955775995242, 0.32015261538630674, 0.3099665214999709, 0.30312426486547056, 0.31256001104575865, 0.3021372717433267, 0.3084728944323529, 0.2822504297113605, 0.28719042838376324, 0.2828335624493458, 0.27634764248777255, 0.283987826911346, 0.28499992662761714, 0.27429636401156793, 0.2890685645178997, 0.2725998744065725, 0.27658133202318713, 0.28374011008871997, 0.29317915818525003, 0.2919736455546465, 0.2891584618731873, 0.2602605669864239, 0.2311535124945039, 0.26780073259014525, 0.22935015129288797, 0.23359112484197384, 0.22134794887403886, 0.20970519007561458, 0.20644372612167738, 0.21208695777729378, 0.1887062858129423, 0.1715890118819477, 0.166617150034535, 0.1553839712223132, 0.15851014534567992, 0.15137370310319612, 0.1329452738705534, 0.14005293747731984, 0.11392861790666513, 0.11287486165810856, 0.07963890127043949], 1, 1
[0.31492931284099257, 0.30250383647214446, 0.31887147783875774, 0.3276313664659452, 0.3202112667621263, 0.3248428506887103, 0.3288674262974423, 0.33479443247280916, 0.3272339962499792, 0.314279678540686, 0.31062651308018024, 0.334766044761958, 0.32051015508101405, 0.34466933061729227, 0.30667461743459906, 0.32144848828622086, 0.31985492076468064, 0.33233826114824244, 0.3340325588617575, 0.3314119138921232, 0.32449783126993437, 0.31999238566892724, 0.3202385238955103, 0.3411452407156526, 0.34162710058431467, 0.3443553868822532, 0.34703727359432274, 0.35009107189419253, 0.3471592322517243, 0.3374361179136341, 0.34970636516357595, 0.3544493758497796, 0.3496852172914353, 0.32395522051267645, 0.3325502993115393, 0.3328491563456877, 0.33476164600737557, 0.327508550153615, 0.3169984824982914, 0.30918337326489637, 0.33995451195469895, 0.327176902502653, 0.32408836759584336, 0.31001547125138074, 0.3028778819367775, 0.31208504511009694, 0.3115308439355644, 0.3049653561717195, 0.29054792382518313, 0.2904698671735438, 0.2711541673455474, 0.27555772141420753, 0.29271441879610643, 0.28093901271965394, 0.27186547763753116, 0.2760045234015283, 0.2784005522931474, 0.27404262764758547, 0.26821747978799787, 0.25735273485353494, 0.24742065603183044, 0.22544810493776138, 0.2324207819589269, 0.22679953730348562, 0.21206507684718137, 0.20725419643255755, 0.2004678854805046, 0.20574016676013449, 0.17731661604296858, 0.18473083432950546, 0.17591250675353134, 0.1434406344904519, 0.1385682084168332, 0.13734325806548303, 0.1307363283872436, 0.13128754910033605, 0.12618310593934462, 0.11913626670721134, 0.1138391531865028, 0.09755643685598238, 0.08912602152493257], 3, 1
[0.302054270246854, 0.3062923995773696, 0.31245627268574905, 0.3226737012082936, 0.30870739058609653, 0.33667953760566915, 0.335814082058497, 0.3500497140479433, 0.32422554704723544, 0.30502699438243497, 0.3163153211923789, 0.31818219520329627, 0.33239403281564506, 0.33484424513229794, 0.31358068462409167, 0.318053983205873, 0.3292003947570682, 0.32642245466508835, 0.329404703899837, 0.3450718970583893, 0.3211986038941423, 0.3266159154094187, 0.33097919286934496, 0.325818784392315, 0.34677248862859184, 0.35196164153186477, 0.349531594842237, 0.3316746733315362, 0.3441465728954757, 0.3396499659562984, 0.3575979687619466, 0.3589130494194534, 0.3332542098395176, 0.32633319556301094, 0.3397118258257316, 0.34296743543942304, 0.3305521571171377, 0.3342696636276534, 0.31964773708267324, 0.3277792187585471, 0.3471857773239223, 0.33176915040383453, 0.320443049217374, 0.3153011724774143, 0.3109622479092615, 0.3015141492452109, 0.3111347959887868, 0.3084226861798097, 0.28628504952111833, 0.28820883041569034, 0.28128982690670956, 0.2776561436578184, 0.29710667191040235, 0.2775294033342073, 0.2810013629360857, 0.2842715180403605, 0.276033805855642, 0.27412898502022237, 0.25950385271755744, 0.26561920161546093, 0.24831660321905089, 0.21692258291407931, 0.23568430855388398, 0.22358854827229696, 0.2105321964719076, 0.2079793718294413, 0.20006003298438282, 0.19349732735117317, 0.1800286294504486, 0.1869118856078585, 0.17576221199185524, 0.14017785223948506, 0.131107491764193, 0.12121493926882895, 0.12341105513791671, 0.13344062937987497, 0.12547052305104417, 0.13102428188079993, 0.11063771708313826, 0.10905506065634533, 0.09375959654061423], 3, 1
[0.3140236687051804, 0.31963715982861285, 0.34667028040391157, 0.3278540261046425, 0.3306454996023847, 0.36335526867764, 0.35541767427821597, 0.34929467327799474, 0.3507339655770304, 0.36870872441705305, 0.37087271967783886, 0.37634338302037523, 0.3538426599326777, 0.37022793417992583, 0.36121624578907313, 0.3621910855212982, 0.35937114089439426, 0.37031235731322315, 0.3627338292382604, 0.3724810182183391, 0.3585211181286708, 0.35396545034304794, 0.36587500502380205, 0.36327369751705335, 0.36006245228256983, 0.3593059994026974, 0.34765672512566326, 0.3468209572040746, 0.34906416428229764, 0.35248253048769457, 0.3569065127782988, 0.36321976530136635, 0.3742248127392726, 0.364529625950509, 0.3553509695880242, 0.36720367694159955, 0.37203218837255236, 0.35951706690399643, 0.37910992369200436, 0.37007333248386265, 0.36073700379244317, 0.35489320639940963, 0.3451047683489511, 0.33150362487454776, 0.3354350384206934, 0.3491934941545305, 0.3439615845531661, 0.325489152967978, 0.3412097091800271, 0.32273299681010326, 0.3375482183917303, 0.3192629086699063, 0.34530490780693457, 0.31911754857849667, 0.33609153963009203, 0.3301370801433595, 0.33153918484342215, 0.3302727587183489, 0.3108545483406087, 0.29634702050570305, 0.2829071824379849, 0.2585511529878697, 0.2826689818533706, 0.2626665529581913, 0.22654235451471277, 0.23899491065821482, 0.23755391325800534, 0.23921510182347108, 0.23495674799824093, 0.22146729431484924, 0.21544717405034514, 0.19939041674461563, 0.17025132765560924, 0.18394004097891603, 0.18328033430492088, 0.1866613380585702, 0.17841088535279764, 0.16052985869763994, 0.15110837736212696, 0.11974835627315648], 7, 1
[0.31136479233155695, 0.31732077541273845, 0.34466403346458835, 0.3122076229064767, 0.34618409850752946, 0.3594511046739241, 0.3611624413149689, 0.3667973989051881, 0.35335913392447094, 0.3798911919890251, 0.37028496313370174, 0.36386333622330447, 0.3646470127241024, 0.359243039575842, 0.36177923590695493, 0.35935582449552694, 0.3639812430784795, 0.361020475554562, 0.3728417225665745, 0.3649236764900007, 0.35268359123082665, 0.3576637481739608, 0.3668141834075487, 0.3728712401219976, 0.34581188178312827, 0.3720325660310417, 0.3516650636070675, 0.33559241717542115, 0.3530386594300269, 0.3528783607498716, 0.3567176687173094, 0.3695632591953524, 0.37003935463941645, 0.3708262541091017, 0.36708834377416744, 0.3762734203661833, 0.37073078157809863, 0.35549710079778396, 0.37255295904800095, 0.37074318655610616, 0.3577898977663299, 0.35142447737587307, 0.35427302760274276, 0.3356278357538815, 0.34450724878054745, 0.33877761171012677, 0.3306938339823096, 0.31073779583810407, 0.3308022340607915, 0.32671177429984216, 0.34264429148798126, 0.32736511162226206, 0.3461490502615058, 0.3289500952544571, 0.32371997248388673, 0.3215529344848481, 0.3346051975052647, 0.33695389206963616, 0.31195474853113353, 0.3052609407493791, 0.28935110410502746, 0.2549064414729906, 0.28042856506429864, 0.2634984316726475, 0.2378650930416834, 0.2282902119287187, 0.2419388886470946, 0.23090646007597332, 0.23538325401558774, 0.22130127436267358, 0.20732730519459186, 0.19322270869657673, 0.18057717105384322, 0.1846216081025541, 0.18315325378867103, 0.1823562102552836, 0.17738816031895074, 0.15752350441377946, 0.14042696324241838, 0.12923293447747192], 7, 1
[0.3152366681417777, 0.3083576500025256, 0.3189024446292895, 0.32512005337092525, 0.32737547964501307, 0.35616500742087526, 0.3626439368442786, 0.37186116813218184, 0.3475909571115314, 0.36580361664795413, 0.3741000588670938, 0.35770877075929314, 0.34744934584947285, 0.37050538788185455, 0.3597650492198155, 0.36461846107130386, 0.3632747694639339, 0.3696698965851496, 0.3639194878417924, 0.35479986023623644, 0.3668016527605975, 0.3532337541293025, 0.36856008111913524, 0.37038709510937096, 0.3519757614072182, 0.3759840455886768, 0.3622536410612075, 0.35545406679249336, 0.3726260725319743, 0.35745365677075824, 0.36180629088972727, 0.36940628301144146, 0.37440102470259345, 0.38276217359318193, 0.3695098091123692, 0.37279567743066655, 0.38361407610940185, 0.3866037734178139, 0.38163945079290457, 0.3738025353738261, 0.36910955501462556, 0.3550394278314766, 0.35528396350193503, 0.3320743275428321, 0.32818325993228825, 0.3477690970750404, 0.3404374183473201, 0.34478429070536243, 0.34725960357548064, 0.31742328047089424, 0.31881855909630674, 0.321814816805566, 0.3415572818395576, 0.32622324321857243, 0.32225998530883104, 0.32383306511639265, 0.3437969466452051, 0.32515122263875595, 0.31146770497219356, 0.2853075188343873, 0.29686065290942404, 0.2558521603784258, 0.27607797811251233, 0.24965770597797396, 0.22342831962261356, 0.21682189572562544, 0.24212521328771122, 0.23269021759266775, 0.21295553741375056, 0.2143495406144201, 0.20221977211095413, 0.19559178531192836, 0.15604985792841555, 0.1571999138245363, 0.15793849656069406, 0.16079570453229902, 0.15835906263686209, 0.13858710758183312, 0.12421873070878385, 0.12068779640282502, 0.1131056925317097], 8, 2
[0.32109064105360874, 0.312727495506541, 0.316523718913751, 0.3263680632505079, 0.3387655321622235, 0.3673091671612121, 0.3584876291504875, 0.37252650326038117, 0.36068007426840676, 0.3784753367177732, 0.36784392845276337, 0.3612541592905867, 0.35724928058652444, 0.35515339120555656, 0.3700623923564667, 0.3590538386453746, 0.3616093940366218, 0.36551327970058706, 0.35912584872716635, 0.35993985010571844, 0.35373951097824136, 0.3572620208321527, 0.36455328840631346, 0.37162515063785595, 0.3640404036903792, 0.3668296813948877, 0.35609057768770497, 0.34282589675841435, 0.3608142261022251, 0.3726596259634497, 0.36961557912005044, 0.3713961853473224, 0.38444059517185686, 0.3811909606202511, 0.38161574530351045, 0.37424046126825367, 0.368620186745561, 0.38645081853167657, 0.3896282126288938, 0.37060778412213974, 0.3730309378815078, 0.3618730857968879, 0.352807072309571, 0.3380953929219001, 0.34066137447878997, 0.3436460437383272, 0.3458634238142293, 0.3447465575937967, 0.35386454964995084, 0.3265136414266805, 0.3151972148562222, 0.3128487959375376, 0.3554426718376381, 0.32865493176683913, 0.31377193816778487, 0.32220678569336647, 0.3398057227922059, 0.3242220831954199, 0.30738682019009117, 0.30141725186650964, 0.2936877059583211, 0.2605945496194754, 0.29289427034914317, 0.2555064735321846, 0.227327084829943, 0.2175657312001326, 0.2381872631578084, 0.2326125748536647, 0.2136599638284836, 0.20238992072435363, 0.20305910817790443, 0.18570156672424917, 0.1540076498165055, 0.16468476120647607, 0.1538743249562895, 0.15390010558042766, 0.15631630578651998, 0.15122719904933893, 0.12712066447026607, 0.10579082365364893, 0.12383822900574591], 8, 2
[0.30954879457303586, 0.29666205604449264, 0.32583099911754393, 0.3315086484703939, 0.32595206702317164, 0.3425779012942679, 0.36319187220985544, 0.36313503322524493, 0.3452216135531023, 0.37203280787878884, 0.3621720132507213, 0.35471690477554013, 0.35111735687817236, 0.3545563766393612, 0.3550758981897101, 0.3591178011580732, 0.369783356622345, 0.35111231713406055, 0.3550875858913381, 0.3507826813362066, 0.3547065498752868, 0.3455743266576575, 0.36113035884034744, 0.3650436147446229, 0.3458543079345661, 0.36214379493056975, 0.34485747267638805, 0.34041523273150387, 0.3614984792772578, 0.3603845673821686, 0.3588984051715675, 0.3538881700191787, 0.373292034751987, 0.37725884853682595, 0.3561167590313854, 0.3607117769386818, 0.37415313609119616, 0.3641983712408196, 0.3656960580689339, 0.3704308086547613, 0.3607572518872508, 0.34691760165575414, 0.34575813426439383, 0.32993923151911947, 0.31697068348040824, 0.33524784688531023, 0.3379166729049349, 0.34012779172412455, 0.3344388890849875, 0.3139989245698768, 0.3175474759104985, 0.31136382001663526, 0.34244430876978793, 0.33184411134868647, 0.3185790265666052, 0.32936785416686754, 0.33611930249747257, 0.30821674269105387, 0.2867698025744249, 0.29277937210445126, 0.27937983749358075, 0.24599956646411666, 0.271114468849567, 0.23925865267785743, 0.2248574272466686, 0.19989199328722085, 0.22981104425879834, 0.22136319974800875, 0.2004853299051019, 0.19241699151571748, 0.18892746832346535, 0.1807449604401382, 0.14604436661822126, 0.13862011341847477, 0.14940128858479412, 0.1462904622666693, 0.135621350354688, 0.14611377716184873, 0.10951107155756469, 0.09537500754227643, 0.10628815274387576], 7, 2
[0.29978822892577683, 0.3117231545205888, 0.3115213539836245, 0.3070661408800561, 0.32183795985381114, 0.33692539544506594, 0.349736483120507, 0.36419168379102723, 0.3498699550561888, 0.3642600655828803, 0.364748388111237, 0.36888307966362827, 0.36652757892904037, 0.3617082705388718, 0.3642091765093474, 0.3517515506049848, 0.35403340671857847, 0.36901618623012505, 0.36944886072362915, 0.37854807221152503, 0.35797946332193925, 0.35652478188198233, 0.3696748521720044, 0.36001725546803354, 0.3778077394206477, 0.3584734769498167, 0.3643041840239828, 0.348929649673092, 0.3642906910528257, 0.36225815584949156, 0.3691619176302174, 0.3646705958871131, 0.37672520719993413, 0.38044477814185423, 0.3603401066900487, 0.3819311738390625, 0.37612344600269704, 0.3741313869984666, 0.3759043080364749, 0.37853229027903984, 0.35743544054231496, 0.3657900899750345, 0.34156293120597125, 0.33521603870060085, 0.3225506450410165, 0.3189093867233829, 0.3364357715175088, 0.3319256752498025, 0.3297184968207733, 0.3146238082158894, 0.3240447980380663, 0.31375978329700993, 0.3341337645363417, 0.3176447606123529, 0.30397080599188137, 0.3157934798552278, 0.32620238561228343, 0.30371142920161126, 0.29716772594833357, 0.2782877103725035, 0.27062411099041905, 0.2321424502909537, 0.28574177403109163, 0.2600082069821363, 0.22416151937386414, 0.21540189856708836, 0.23031016627844608, 0.23348583423476993, 0.2045317603298364, 0.21892575602812378, 0.19546310341164566, 0.18583329220024594, 0.17596610920886044, 0.17062527848442532, 0.1782210260763161, 0.175103602665749, 0.16317502891208258, 0.15527839708558586, 0.14374613803005917, 0.12145050861688463, 0.11537828897541619], 2, 2
[0.29071135897550493, 0.3137014577436867, 0.3049314855226766, 0.3141855163496752, 0.32618054396429436, 0.33927127090391546, 0.3600585628772042, 0.36260489085068226, 0.3606662948342652, 0.36812253242347426, 0.3697849306047889, 0.36240548563753733, 0.3566302597516001, 0.35319184829725586, 0.3600377768168644, 0.35910022117573015, 0.3644926555593214, 0.36328522226183574, 0.36510215694871384, 0.37056178165794146, 0.3729034056901867, 0.3614320217445746, 0.3644936862645771, 0.37328768041329907, 0.36991889980814524, 0.359527270755071, 0.3704537265511857, 0.36256591656955073, 0.3783275347279778, 0.3679441007302114, 0.37149162113054857, 0.37376297483198423, 0.3752169725794373, 0.3741543252173052, 0.34967687682566423, 0.36886390785487627, 0.3640762264546956, 0.3767493895770822, 0.3741057598668965, 0.3717185623306992, 0.3657814483026234, 0.37449980610728645, 0.3539311018006415, 0.3446933535671146, 0.3285353295900404, 0.32291403707957206, 0.3405947076463705, 0.3314409516697929, 0.33999372351022994, 0.32375855005609583, 0.31411563759767613, 0.3135116402704685, 0.33443251223165, 0.3107922334124367, 0.3019404878869588, 0.3100962110548778, 0.3136632713341483, 0.3041823433390529, 0.2879150289139533, 0.28879258473678426, 0.26389667816414675, 0.2381339587190372, 0.2670165975387368, 0.2602480359672465, 0.22694034272178276, 0.21549376553263394, 0.23202053872847794, 0.2373640721994976, 0.2086469173845707, 0.21718137016279548, 0.19437629385417848, 0.19294030991039027, 0.16544289496410172, 0.16054930264150732, 0.16823825191174593, 0.1652415543003045, 0.15293863889840154, 0.14917582962139825, 0.14752073115421074, 0.11820073098684875, 0.12398708055105447], 2, 2
[0.2881502326220017, 0.31596313163869, 0.31000958611516394, 0.3069282263373473, 0.31531764551881775, 0.34836088258524883, 0.3639907657722536, 0.35048779496548627, 0.36232305283767624, 0.37207272079776554, 0.3603529487487387, 0.3681913064669487, 0.3645418223133569, 0.36826614752027986, 0.3572274580914062, 0.36768786518392516, 0.36386765302915375, 0.37252872578785223, 0.36574134508715245, 0.38003398570763863, 0.36531732952334467, 0.36989674638477044, 0.36363595940112614, 0.36810420627289825, 0.36374056029774066, 0.37035349214762975, 0.3715123431840863, 0.3610628783857037, 0.3760296392438527, 0.3572978583531422, 0.36654951554400667, 0.36229259278593867, 0.3780896576526385, 0.3838136947289332, 0.3476937300985015, 0.3782443624769163, 0.3757683906420783, 0.3673487146681524, 0.3725993866549307, 0.3799203834857108, 0.3662448349861795, 0.36581938705884215, 0.3455068526251517, 0.33738321170732116, 0.337026271579181, 0.3369690845935602, 0.3323624886475515, 0.3272478038766433, 0.33897214880189375, 0.3130534010656899, 0.3315969226111548, 0.31256439848643913, 0.33679520559635184, 0.32874255088690185, 0.30170929223985316, 0.3130875891348806, 0.3244959019065494, 0.3115282193847843, 0.29357720366818557, 0.2924504724819026, 0.278254621363409, 0.24435278817337577, 0.2691000164879743, 0.2514613363675826, 0.2219430524489293, 0.21872013258503198, 0.23154827760622093, 0.2373066991310897, 0.20929114674175053, 0.2109459330929375, 0.20331045770669273, 0.18558968659259173, 0.1702524072457305, 0.16417273343926467, 0.17539094802662017, 0.17411020742824596, 0.153761023479365, 0.1574262749341631, 0.1430648132856152, 0.12783288755897904, 0.11731440997608374], 2, 2
